poly_degree   alpha   iteration   r2score
1             0.001   100000      -0.375
2             0.001   100000       0.1634
2             0.001   200000       0.1956
3             0.001   500000       x
3             0.0001  500000       x

drop scoredBy < 50
2             0.0001  200000       0.3106


drop season, year, drop scoredBy<=50
2             0.0001     200000       0.3327
2             0.001      200000       0.3590
3             0.00001    1000000      x
3             0.000001   1000000      -4.7027
2             0.001      100000       0.3813
2             0.0000001  1000000     -30.6407
3             0.000001   10000000     0.1292


Use only scoredBy, members, drop scoredBy <= 50
2             0.0001     200000       0.3327


Use only members, drop scoredBy <= 500
2             0.0001      100000        0.2405
3             0.00001     1000000       0.2900
2             0.0001      100000        0.2374
2             0.00001     1000000       0.2189

Use genres, drop scoredBy <= 500
2             0.0001      100000        0.3117
1             0.0001      100000        0.2874
1             0.00001     1000000       0.2781


Use those 4 features+all genres
1             0.0001      100000        0.3812
2             0.0001      100000        0.4666
2(genres=1)   0.0001      100000        0.4106






NO scale on genres!!

just genres
1             0.0001     100000        -0.1167
1             0.001      100000        0.3010
1             0.01       100000        0.2694
1             0.001      150000        0.2771


those 4 and genres(genre terms poly_deg==1)
1             0.0001     100000        0.0152
2             0.00001    1000000       -0.0057
2             0.0001     100000        -0.0832

1             0.0001     1000000       0.4017
2             0.0001     1000000       0.4464
2             0.0001     500000        0.3755
2             0.0001     1500000       0.4249






















